Substitution.Type	Trinucleotide	Somatic.Mutation.Type	Signature_EX1	Signature_EX2	Signature_EX3	Signature_EX4A	Signature_EX4B	Signature_EX5	Signature_EX6	Signature_EX7A	Signature_EX7B	Signature_EX8	Signature_EX9	Signature_EX10	Signature_EX11	Signature_EX12	Signature_EX13	Signature_EX14	Signature_EX15	Signature_EX16	Signature_EX17	Signature_EX18	Signature_EX19	Signature_EX20	Signature_EX21	Signature_EX22	Signature_EX23	Signature_EX24	Signature_EX25	Signature_EX26	Signature_EX27	Signature_EX28	Signature_EX29	Signature_EX30	Signature_EX31	Signature_EX32	Signature_EX33	Signature_EX34	Signature_EX35	Signature_EX36	Signature_EX37	Signature_EX38	Signature_EX39	Signature_EX40	Signature_EX41
C>A	ACA	A[C>A]A	0.020058374	0.015636831	0.017694367	0.002858643	0.003410161	0.005050269	0.000261132	5.30E-07	8.23E-06	0.007431642	0.003384099	0.002248581	0.010921391	0.104742405	0.052430719	0.025764201	0.019670756	0.014311863	0.000174612	0.006497904	0.03807835	0.058996911	0.011957857	0.029594669	0.003306313	0.002876705	0.003981877	0.000734009	0.003573094	0.061511298	0.041228658	0.000923316	0.002091082	0.034166009	0.01526804	0.091749458	0.003274536	0.003545138	9.99E-05	0.030948378	0.000486489	0.010536761	0.009316022
C>A	ACC	A[C>A]C	0.011438389	0.012400446	0.012436086	0.002194406	0.002578679	0.000972428	0.000608976	3.25E-07	0.002459888	0.002092464	0.002333541	0.001295986	0.002596372	0.047876836	0.02311734	0.009793176	0.012286569	0.008750765	0.003666771	0.002378725	0.030635423	0.048879534	0.007385931	0.011149541	0.003448529	0.002520578	0.000905968	0.000504921	0.005153336	0.046341675	0.001492874	0.008227831	0.002712277	0.003384433	0.003255658	0.007885617	0.007042184	0.010642112	0.008546402	0.010422954	9.58E-05	0.003960997	0.003637509
C>A	ACG	A[C>A]G	0.009414067	0.009558378	0.009569498	0.003075714	0.002238454	0.001572007	0.00263521	2.07E-06	0.000399567	0.000636898	0.003359581	0.000754136	0.002802211	0.076218395	0.018723864	0.008445147	0.010478726	0.006944457	0.001227679	0.00331226	0.017569174	0.054058439	0.005297395	0.012470341	0.003573704	0.002744653	0.001097899	0.000340904	0.002361022	0.027065282	0.000938831	0.003160917	0.005034688	0.001244897	0.000382574	0.008360233	0.004345956	0.004069294	0.014320297	0.027673895	0.000249225	0.006237269	0.001114116
C>A	ACT	A[C>A]T	0.018434792	0.015001232	0.020826928	0.005152107	0.002953897	0.006744566	0.006480979	0.000132636	0.003897743	0.005489041	0.003729017	0.000259633	0.008638703	0.076781771	0.073146153	0.018392066	0.018212825	0.012874356	0.001345193	0.009092121	0.051549306	0.051354024	0.021578476	0.024053921	0.000344906	0.000408615	0.005747146	0.000578471	0.00166746	0.096454829	0.000394786	0.00336161	0.001418907	0.0020263	0.001293358	0.012725697	0.005704598	0.020283601	0.000130044	0.010007031	0.004327076	0.006607225	0.00180257
C>A	CCA	C[C>A]A	0.010014947	0.010001363	0.012611109	0.003738161	0.003368211	0.004578033	0.002681123	1.62E-07	0.000907166	0.003351981	0.000524167	0.002076759	0.001407788	0.035620205	0.021592901	0.005066192	0.012996082	0.009305563	0.000302577	0.000599165	0.025696273	0.051420251	0.00110317	0.015511537	0.004131521	0.002891934	0.000441577	0.00046057	0.004911016	0.02610218	0.01490987	0.013138996	0.004222009	0.027721993	0.010068175	0.023787381	0.004510872	0.001848272	0.002933491	0.181756395	0.00041595	0.003696975	0.008174076
C>A	CCC	C[C>A]C	0.006181243	0.01061902	0.009859467	0.004718115	0.003012214	0.000494128	0.001208673	6.68E-07	0.003536103	0.000826467	0.000155303	0.000993879	7.77E-05	0.015336821	0.010065787	0.003412083	0.010009519	0.007259093	0.001551151	0.000128966	0.023475571	0.04743012	0.000229255	0.006667971	0.004090914	0.007635995	0.001388851	0.001210497	0.001751288	0.017575347	0.012769158	0.001083365	0.001074053	0.004201326	0.014760453	0.00320117	0.003226794	0.006459052	0.006116078	0.0921011	0.000172468	0.002594727	0.000548462
C>A	CCG	C[C>A]G	0.00622478	0.007888316	0.008855221	0.007379185	0.003517972	0.000789184	0.002004806	3.98E-07	0.000577636	0.000297112	0.001116452	0.000999031	0.000161982	0.038623927	0.007900244	0.000950169	0.010019388	0.007191435	0.00011267	7.22E-05	0.017060274	0.060328268	0.000203394	0.005923588	0.004068852	0.002552953	0.000208919	0.000251819	0.002546946	0.020523236	0.000249348	0.001961804	0.001090922	0.001689483	0.002391757	0.000599452	0.001787303	0.002522163	0.008863834	0.197753993	0.003530798	0.003958965	0.000207206
C>A	CCT	C[C>A]T	0.008975698	0.01222559	0.013689704	0.007566702	0.002460828	0.002019681	0.005399929	1.12E-05	0.006081485	0.001835518	0.001347925	0.00042577	0.002423462	0.025313958	0.029620484	0.001789253	0.013176273	0.009522668	0.000505485	0.002008606	0.03051633	0.048692237	0.003366958	0.012130956	0.003653842	0.000564717	0.001585861	0.0022846	0.002943796	0.051447303	0.001876142	0.001704362	0.001522486	0.002960934	0.00367028	0.003978624	0.002826296	0.012705004	0.003464934	0.116423389	0.006910272	0.006831367	4.76E-05
C>A	GCA	G[C>A]A	0.009547443	0.009057829	0.011297115	0.000940907	0.001228118	0.001089085	0.000387026	7.00E-07	1.60E-05	0.001550139	0.002770288	0.002007071	0.002365408	0.065125906	0.015970615	0.008230964	0.012353811	0.008318464	0.001248409	0.001219558	0.017204422	0.047070094	0.003382202	0.014839531	0.003586494	0.000606318	0.001627541	0.000471922	0.00094701	0.026045085	0.000479901	0.000575838	0.004683203	0.011320767	0.000999601	0.01245349	0.053661818	0.000242876	0.00160612	0.010112919	0.00464874	0.001673251	0.003453667
C>A	GCC	G[C>A]C	0.0059744	0.007897885	0.008579112	0.000949402	0.001135716	0.000363804	0.001073215	1.20E-06	0.001571485	0.000370673	0.001433543	0.000717446	0.000144238	0.031327915	0.005593289	0.001104498	0.008934065	0.006135402	0.002792755	0.000545913	0.015177026	0.046270023	0.00063047	0.005537467	0.003005154	0.005162409	0.000711375	0.000267338	0.002157788	0.023209494	0.000444686	0.0011413	0.00115122	0.000808129	0.001584232	0.003116486	0.042275504	0.009116495	0.0133236	0.001054127	0.004309731	0.000874636	0.0001797
C>A	GCG	G[C>A]G	0.006771323	0.007018815	0.007772402	0.001247319	0.001702416	0.000300348	0.001299433	3.99E-07	2.34E-05	0.000100799	0.003065789	0.000536827	0.000233623	0.059672188	0.004983015	0.001049039	0.009329786	0.005950661	0.001834283	0.000393454	0.013381312	0.057780714	0.000356549	0.008149243	0.003176594	0.009239176	0.000171106	0.000413387	0.000658128	0.017503847	0.001774381	0.000484401	0.005197345	0.002181559	0.002208597	0.001160856	0.036942825	0.001744959	0.017597596	0.01267674	0.004571475	0.002299476	0.000201459
C>A	GCT	G[C>A]T	0.009197117	0.009134664	0.011892362	0.001561878	0.001208595	0.002276375	0.003297151	1.64E-05	0.002041386	0.000468541	0.003225971	0.000583856	0.001216731	0.050099899	0.021573818	0.002372943	0.011653426	0.008044709	0.003246598	0.003400862	0.019914898	0.047781576	0.003783034	0.01207894	0.003004541	0.002530128	0.00198078	0.000303332	0.000385781	0.048026798	0.000184585	0.001931875	0.004945897	0.000835486	0.001978594	0.004872516	0.041534196	0.017994306	0.006227455	5.73E-05	0.010793279	0.004132697	0.000174816
C>A	TCA	T[C>A]A	0.015109926	0.011931221	0.013537162	0.006025517	0.004490645	0.009981392	0.004851616	1.06E-06	7.90E-05	0.002404225	0.003965239	0.001957548	0.008423567	0.088197082	0.02600154	0.006033276	0.016586319	0.01140214	0.001296184	0.001351799	0.026761152	0.05692742	0.001569221	0.029385991	0.00358881	0.00230708	0.00267243	0.002185505	0.002731609	0.096589484	0.000685666	0.012210586	0.005128016	0.021585045	0.007854011	0.016283898	0.016400215	0.000140479	0.00609882	0.018164065	0.005533853	0.005842562	0.006743092
C>A	TCC	T[C>A]C	0.009415299	0.010309359	0.008723751	0.004825911	0.002381599	0.000837819	0.00269483	4.51E-07	0.002722023	0.000992733	0.00334493	0.001212172	0.003943445	0.046313146	0.0106421	0.000140634	0.011148333	0.007457066	0.003303522	0.001356917	0.019268222	0.04462488	0.00032347	0.013387653	0.002804101	0.000864011	0.003703771	0.001602035	0.004406102	0.079291506	0.000178146	0.019390407	0.00235246	0.001951706	0.001132943	0.001726941	0.012102135	0.03932247	0.015222526	0.005267138	0.00017414	0.009396186	7.64E-05
C>A	TCG	T[C>A]G	0.007670701	0.007867991	0.007544446	0.006539646	0.003195347	0.002997337	0.004159619	2.73E-07	3.56E-05	5.96E-05	0.004220637	0.000546437	0.001905502	0.071374732	0.008070686	0.000176593	0.009540186	0.0063462	0.00199239	0.000851467	0.012997729	0.052016887	0.000855394	0.012766297	0.002834098	0.001250465	0.000563583	0.001292887	0.004647768	0.05309912	0.000243772	0.007370648	0.001424419	0.000825031	0.001879446	0.002902055	0.007312891	0.015928996	0.033616332	0.028102845	0.000730841	0.004178804	0.000234156
C>A	TCT	T[C>A]T	0.020061022	0.014365744	0.016414939	0.010797665	0.005714445	0.005387912	0.009692954	2.93E-07	0.010404577	0.002728911	0.007599896	0.00068028	0.018936727	0.089455046	0.035325371	6.17E-05	0.018562172	0.012757564	0.003603702	0.006649215	0.037845152	0.05591903	0.00033074	0.033929446	0.002961071	0.004267655	0.000777526	0.000632045	0.005461292	0.204887948	0.000689093	0.043484909	0.003128976	0.001445858	0.003037481	0.009118483	0.011858295	0.068165839	0.000480995	8.12E-05	0.038003254	0.018492538	9.12E-05
C>G	ACA	A[C>G]A	0.007757075	0.014055895	0.022748007	0.043434581	0.009009877	0.028966869	0.090959117	2.42E-07	0.000292128	0.000189846	0.001936726	0.00018137	0.001895959	0.001716823	0.004679014	0.00179097	0.007934914	0.005153151	0.000957571	0.006441339	0.001806484	0.001256627	0.00180565	0.021847064	0.000886457	0.004557124	0.010184801	0.001760586	0.001072462	0.001189441	0.005441533	0.001435808	0.0019606	0.00380794	0.000695257	0.002982244	0.009326678	0.000435096	0.000260351	0.011123059	0.002912511	0.003579154	0.000512487
C>G	ACC	A[C>G]C	0.003561109	0.008853388	0.010714465	0.01461665	0.002482664	0.005729108	0.037082691	3.29E-07	0.001189575	7.83E-05	0.000402928	0.00041353	0.003284058	0.001724109	0.001295614	0.001793934	0.004642324	0.00315173	7.28E-05	0.00113077	0.002873798	0.003823743	0.004014767	0.008090329	0.000977946	0.007094739	0.005792711	0.000559794	5.60E-05	0.000652772	0.000690231	0.000249114	0.002324491	0.00288953	0.001408109	0.000308341	0.005079889	0.000122845	4.63E-05	0.009058683	0.002697907	0.003921804	0.000122722
C>G	ACG	A[C>G]G	0.003814064	0.007684031	0.012072994	0.024326234	0.002686421	0.006671207	0.039562214	4.29E-07	1.53E-05	7.53E-05	0.000552221	0.000185681	0.003086122	0.001062205	0.008089091	0.004881155	0.004038986	0.002614323	0.000121147	0.002888008	0.002326322	0.003336368	0.002568524	0.007099771	0.000724257	0.012053738	0.005801621	0.000212428	0.000818337	0.000611749	0.001231965	0.000181266	0.000525603	0.000669468	0.001146393	0.000629223	0.002391784	9.31E-05	0.000120203	0.006770428	0.002566534	0.00113209	0.000568162
C>G	ACT	A[C>G]T	0.005413288	0.011119755	0.016215396	0.028808309	0.004449057	0.019992974	0.060590801	3.95E-07	0.001662037	6.28E-05	0.000834627	0.000606149	0.001980394	0.000612825	0.007876704	0.002884282	0.00624629	0.004153133	4.90E-05	0.005319672	0.003146352	0.002927457	0.002242615	0.013553482	0.001284805	0.005524614	0.010060264	0.000871502	0.000959134	0.000753325	0.001645771	0.001031636	0.001375735	0.000701651	0.003210976	0.002764589	0.005330964	6.83E-05	6.83E-05	0.010036943	0.002744629	0.005457742	0.000225144
C>G	CCA	C[C>G]A	0.005241467	0.009364642	0.017310807	0.081410311	0.02135979	0.005525439	0.060653591	8.78E-07	0.001211781	0.000263639	0.001678796	0.000735805	0.000285594	0.001005947	0.000923872	0.001706434	0.005620048	0.003562067	0.001319035	0.000200936	0.00026735	0.001333312	0.000284084	0.013668599	0.000830477	0.001798622	0.009919411	0.000857302	0.0002447	0.001978918	0.000200864	0.001292768	0.001373324	0.001144176	0.002863421	0.00100323	0.00483665	0.000229054	0.000298684	0.007014192	0.000217596	0.004311469	0.000481664
C>G	CCC	C[C>G]C	0.003389711	0.007477707	0.010074292	0.029595518	0.006345479	0.000704335	0.029647558	0.000209862	0.001975982	0.000235234	4.53E-05	0.000729634	0.000939844	0.000474495	0.000174526	0.005317961	0.004037988	0.002485196	0.000687818	0.000282553	0.000296201	0.003909073	0.000697132	0.003746329	0.000477181	0.011990623	0.00770121	0.000340021	0.000115174	0.000221684	0.012730853	0.00128	0.000785673	0.002541865	0.001795225	0.00116921	0.002750293	0.000103291	7.98E-05	0.006331649	0.000413556	0.003289856	0.000490422
C>G	CCG	C[C>G]G	0.00352869	0.007231496	0.012280383	0.064389895	0.010551853	0.000362401	0.035299448	1.22E-05	2.88E-05	0.000180166	0.000683909	0.000611662	0.000567523	0.000190761	0.001370063	0.003397785	0.003787012	0.002536896	0.000869627	9.16E-05	0.000766766	0.004460934	0.000157259	0.005508171	0.000163403	0.007992607	0.00768191	0.000645351	0.002519787	0.000813983	0.010706751	0.004704804	0.000643318	0.003702111	0.00062852	0.000503284	0.000985751	1.05E-05	9.24E-05	0.006411683	0.000105343	0.001444232	0.002588416
C>G	CCT	C[C>G]T	0.004269267	0.009636928	0.013775867	0.054945208	0.010850476	0.006179648	0.045567993	8.14E-07	0.001457192	0.00024496	0.000276301	0.001011446	0.000258314	0.00024901	0.004090646	0.003722501	0.005450802	0.003903267	0.000160248	0.000202539	0.001002008	0.002811243	0.000726045	0.008928644	0.000808942	0.001868731	0.009519902	0.000412141	0.000398449	0.001328921	0.001895304	0.001881748	0.000524475	0.0028962	0.001091988	0.001116543	0.006502762	9.39E-05	0.000114133	0.006257074	0.000246338	0.010124983	8.85E-05
C>G	GCA	G[C>G]A	0.004094607	0.006748899	0.012602252	0.01643474	0.003814677	0.007840599	0.047531747	7.49E-07	0.001026809	6.03E-05	0.000422188	0.000445134	0.000292612	0.000757403	0.00061503	0.001851756	0.004012756	0.002645564	0.000675252	0.000125546	0.000567195	0.001077608	0.000147287	0.009654241	0.000360488	0.003981737	0.005382832	0.001047569	0.002040804	0.000644799	0.001322902	0.001769383	0.002108937	0.002531707	0.00175044	0.000573688	0.023237561	0.000701255	0.001006745	0.00554897	7.55E-05	0.003833027	0.00448213
C>G	GCC	G[C>G]C	0.002425724	0.005536404	0.007304503	0.006685562	0.001862871	0.000411059	0.023499862	4.03E-07	0.00069403	8.25E-05	0.000128387	0.000995022	0.000736603	0.000767594	0.000100534	0.00224548	0.003260727	0.002192041	0.000803634	5.15E-05	0.00022792	0.003377389	0.000450662	0.003141034	0.000509088	0.008413361	0.003723111	0.000530151	0.000996434	0.000657643	0.002624019	0.000913301	0.000543438	0.009323101	0.004046001	0.000475642	0.019176118	0.000217345	0.000500325	0.004705173	0.000880496	0.001089696	0.004159115
C>G	GCG	G[C>G]G	0.002683402	0.005909601	0.009228932	0.010122477	0.001099305	0.000589148	0.025146166	6.88E-07	0.000190628	0.000398525	7.19E-05	0.000653684	0.000543104	0.000166304	0.002124789	0.005061048	0.003160053	0.001857806	0.00010224	4.96E-05	0.00148188	0.004832797	0.000846058	0.003534633	0.00035653	0.01636269	0.002854097	0.000195398	0.001146269	0.000795462	0.013190446	0.000311486	0.001177325	0.017735378	0.002603417	0.002537368	0.026458454	2.61E-05	0.00069188	0.006451386	0.00012614	0.001085759	0.018674583
C>G	GCT	G[C>G]T	0.003232307	0.006964487	0.010201484	0.011950131	0.002304801	0.006727137	0.039107959	6.38E-05	0.000754325	0.000167707	0.000156272	0.000318838	0.000227505	0.000503261	0.000614375	0.002281783	0.003936834	0.002598127	0.000156879	0.001670842	0.000815269	0.001906456	0.000455239	0.006153485	0.000942324	0.004147355	0.004925367	0.00047738	0.001003527	0.001110634	0.000737166	0.001395154	0.001122398	0.002283259	0.009181656	0.000668386	0.020166125	0.00015192	0.000316171	0.005937417	0.000364549	0.001976659	0.003046857
C>G	TCA	T[C>G]A	0.006021512	0.010624731	0.017393712	0.060265501	0.011282584	0.022528203	0.070504675	6.34E-07	1.10E-05	0.000202529	0.001301899	0.000375353	0.000781413	0.00119237	0.003099824	0.000866332	0.006276362	0.00399852	9.52E-05	0.002592277	0.00014676	0.002177029	0.001817174	0.0166525	0.001457287	0.009982137	0.006826428	0.000497859	0.000374773	0.001337113	0.000500485	0.004340669	0.00608264	0.002024744	0.017175724	0.000988117	0.01046865	0.000288521	0.000672347	0.007163276	0.002336642	0.00462636	0.000275125
C>G	TCC	T[C>G]C	0.003021037	0.007046361	0.008199966	0.018791557	0.003126497	0.002846178	0.028597619	6.08E-07	0.001796085	8.69E-05	0.000254448	0.000454121	0.002687778	0.001285596	0.000315367	0.002726067	0.004187129	0.002761735	9.36E-05	0.001265735	0.000491774	0.003285181	0.002221852	0.005299371	0.000731073	0.006128952	0.007409743	0.000160531	0.000290503	0.000701336	0.000699353	0.000506741	0.00159139	0.001992696	0.002291341	0.002655733	0.005258346	8.69E-05	0.000275468	0.006213951	0.001524449	0.002975616	9.77E-05
C>G	TCG	T[C>G]G	0.002908652	0.005963516	0.009070262	0.028742555	0.003346347	0.002575654	0.03009782	5.66E-07	0.000107321	0.000184403	0.000267441	0.000455701	0.002370592	0.000597577	0.004321992	0.001840564	0.003448306	0.002089974	7.54E-05	0.000726771	0.000774071	0.004554289	0.000853995	0.005919375	0.000595215	0.011001401	0.004832288	0.000272901	0.000120741	0.000501353	0.002106509	0.000360755	0.00198766	0.002254726	0.022677004	0.00047134	0.005318977	1.50E-05	0.000286501	0.008196975	0.00103981	0.003219376	0.000790737
C>G	TCT	T[C>G]T	0.005227898	0.010917787	0.014657602	0.042765422	0.007780875	0.01606136	0.056604713	6.75E-07	0.0028589	0.000108474	0.000223065	0.000787608	0.00194222	0.000723372	0.004621174	0.002931641	0.006691276	0.00439829	0.000145402	0.004184786	0.00042766	0.003273077	0.002349477	0.011413613	0.00142654	0.006428699	0.010167883	0.001130931	0.001124516	0.000464527	0.009247601	0.000559816	0.001266142	0.001174906	0.014482588	0.004498431	0.010067706	7.55E-05	5.00E-05	0.00944067	0.000501262	0.007843588	0.000203366
C>T	ACA	A[C>T]A	0.0286963	0.016141708	0.013160715	0.013416511	0.037512385	0.081226004	0.009404966	0.03121322	0.004053644	0.057802368	0.001623226	0.005991009	0.005095402	0.000939412	0.015021447	0.038078795	0.014488559	0.011537232	0.051322205	0.077014115	0.020124089	0.001271497	0.007104621	0.010393369	0.001609242	0.006066305	0.001562137	0.006574083	0.02194584	0.003997807	0.013049521	0.014286909	0.019098725	0.003037719	0.024948209	0.011195227	0.012265722	0.017361877	0.065103955	0.003850544	0.004422393	0.014707561	0.002777262
C>T	ACC	A[C>T]C	0.026284574	0.01379695	0.0134356	0.01403705	0.032133337	0.03803656	0.010560255	0.055881756	0.014958635	0.041693232	0.003619384	0.00212325	0.009726913	0.002891594	0.007158428	0.029520616	0.012178574	0.009445851	0.057003972	0.062399055	0.016368444	0.00180397	0.00924673	0.006168825	0.001025377	0.022198907	0.000767919	0.005087902	0.015227719	0.001166557	0.001985991	0.009005426	0.015979479	0.004643023	0.023854906	0.002413224	0.004038034	0.024510869	0.009698143	0.006177475	0.01054159	0.013684466	7.38E-05
C>T	ACG	A[C>T]G	0.021967317	0.012183324	0.010602098	0.019824057	0.040606132	0.038603872	0.00892655	0.025362972	0.005975393	0.035048172	0.002643676	0.00242762	0.00675363	0.000240914	0.004076836	0.022710887	0.010082349	0.007435386	0.048340906	0.057758253	0.013179542	0.005015775	0.005600728	0.004958903	0.000628137	0.017857382	0.001155627	0.000709665	0.023457627	0.002097919	0.000963122	0.003024507	0.013493953	0.01137837	0.011026647	0.005434924	0.007841435	0.002922361	0.008595588	0.004968604	0.007548754	0.009643827	0.000698744
C>T	ACT	A[C>T]T	0.029962335	0.019573678	0.01843216	0.02049616	0.044207179	0.093312215	0.017812373	0.112054251	0.031638838	0.048852301	0.002637344	0.00510113	0.007721784	0.002924064	0.035010535	0.041285485	0.016594378	0.012822593	0.046160432	0.092123702	0.022014516	0.000498832	0.015323467	0.015244098	0.000501436	0.007358993	0.008948715	0.006940322	0.021215231	0.001454723	0.003747248	0.005454082	0.016274048	0.007667806	0.007350701	0.005785797	0.016678374	0.017236622	0.000120999	0.000107029	0.000678994	0.00652791	0.002196612
C>T	CCA	C[C>T]A	0.020313957	0.011567977	0.008116381	0.020325753	0.056945822	0.039806884	0.001645283	0.009803056	0.007477833	0.044531485	0.00101401	0.003591391	0.001652654	0.000173131	0.000648354	0.03482818	0.011475312	0.008884389	0.03975984	0.03521469	0.018840744	0.000906121	0.001605925	0.003925661	0.001033019	0.009479518	0.004288196	0.001875822	0.015579169	0.00102314	0.002702569	0.000876564	0.005494029	0.007048655	0.00223698	0.002663955	0.016075259	0.004314829	0.024293983	0.005758542	0.005918515	0.006294998	0.003441342
C>T	CCC	C[C>T]C	0.028246328	0.012314454	0.0106894	0.028570928	0.061387872	0.001095414	0.000227837	0.023662443	0.015174362	0.054863709	0.002075188	0.000862341	0.002826331	0.000557322	0.000295708	0.039180502	0.011196533	0.008814181	0.068556017	0.027585708	0.017476148	0.000613332	0.005300586	0.00040537	0.000601716	0.036768072	0.00446442	0.001742392	0.019565363	0.001363788	0.041796353	0.003219651	0.017292556	0.007138023	0.003852903	0.001378133	0.001488556	0.001716357	0.005991676	0.009066502	0.000414059	0.013608138	0.000957348
C>T	CCG	C[C>T]G	0.026562977	0.011977344	0.010438458	0.053541043	0.100837613	0.001050456	0.000419961	0.014759195	0.006500495	0.045905985	0.003454423	0.000364457	0.002130851	0.000282406	0.000321115	0.033910075	0.010192887	0.007887504	0.06849058	0.032883456	0.012596804	0.001284665	0.000252941	0.000691807	0.000538032	0.025290381	0.003700591	0.0001976	0.028622236	0.002225263	0.00346205	0.002293232	0.004398991	0.007651027	0.009181076	0.001487813	0.004748974	0.000101103	0.000362547	0.000543914	0.004245971	0.007685387	0.000128182
C>T	CCT	C[C>T]T	0.023488994	0.01627729	0.012744175	0.033922438	0.06910318	0.054721723	0.00283901	0.045485239	0.025896633	0.041616335	0.001342459	0.004246899	0.001960416	0.001362538	0.013216869	0.040701197	0.014419763	0.011360835	0.038870024	0.050190651	0.017537851	0.000350648	0.004382605	0.006305869	0.001667519	0.011417417	0.014742081	0.003789465	0.030244312	0.001712608	0.025690966	0.002799205	0.01546827	0.007088779	0.009286268	0.005496991	0.015402747	0.002390329	0.000562892	0.000109047	0.000826294	0.004046833	0.001600493
C>T	GCA	G[C>T]A	0.023481386	0.011851878	0.009326026	0.005270705	0.020328334	0.025657922	0.00097995	4.91E-07	0.00337558	0.053924893	0.000426536	0.002904723	0.000262853	0.000129954	0.002240881	0.034263243	0.010879511	0.008513619	0.052618361	0.036572673	0.010311016	0.001817115	0.002968566	0.005439168	0.000817773	0.005218076	0.001096218	0.00750577	0.019763821	0.000816613	0.000474071	0.011528372	0.056546007	0.007030849	0.013253565	0.006065926	0.032998075	0.010136706	0.124873518	6.70E-05	0.017490179	0.046870494	0.004006446
C>T	GCC	G[C>T]C	0.026052932	0.011583475	0.010657778	0.005566418	0.019223713	0.010465764	0.003042627	0.007448334	0.007930332	0.047001521	0.001829072	0.002419051	0.000814049	0.000565492	0.000400597	0.031224467	0.010636742	0.008421717	0.066830807	0.035810409	0.01131205	0.001176858	0.004855779	0.003019929	0.00065049	0.016611168	0.001324471	0.005196976	0.023248637	0.001823085	0.000924818	0.004649325	0.04010581	0.004259048	0.005967892	0.004431322	0.021559782	0.018054543	0.085086562	0.000121353	0.010822414	0.010626351	0.000154464
C>T	GCG	G[C>T]G	0.029781043	0.011937553	0.011210223	0.008924956	0.027335022	0.00131332	0.000904087	0.007096981	0.007164139	0.060571026	0.001928049	0.00071405	0.000205531	0.000186992	0.000440103	0.033683388	0.00950051	0.007691126	0.085253005	0.030557346	0.010241357	0.004717779	0.000525261	0.000645872	0.00047532	0.019800976	0.000533637	0.00258464	0.038703276	0.002054526	0.009609433	0.002868244	0.035174616	0.01154733	0.020154716	0.012246662	0.019323901	0.000368866	0.086650337	0.003913668	0.001230735	0.017869592	0.001789297
C>T	GCT	G[C>T]T	0.024938003	0.015996469	0.012726086	0.008104786	0.02222939	0.036274882	0.008296037	0.014894803	0.012477724	0.046507394	0.001460402	0.004812961	0.000631213	0.001363734	0.012041563	0.035480599	0.013347739	0.010567939	0.050166555	0.049242376	0.014289728	0.001888691	0.008635528	0.005546058	0.000919767	0.004343482	0.009543441	0.004940815	0.026784171	0.000968224	0.000619192	0.014434104	0.043314934	0.006192775	0.013828925	0.0076624	0.044670348	0.009748219	0.112445108	0.003221418	0.015984513	0.020024605	0.004688397
C>T	TCA	T[C>T]A	0.031414135	0.018350717	0.013276258	0.029606007	0.065962489	0.105741879	0.006922067	0.094202521	0.020598271	0.064539717	0.001960711	0.00541607	0.002309703	0.000232222	0.005739826	0.043505425	0.018174934	0.013562134	0.054411247	0.077791921	0.024729163	0.001917978	0.00958709	0.011778272	0.001911928	0.001724839	0.007520064	0.00819671	0.027752612	0.002592895	0.000701286	0.0267979	0.02271082	0.002580027	0.017536782	0.009439591	0.023841347	0.075959393	0.120918083	6.21E-05	0.000304764	0.007180621	0.003935076
C>T	TCC	T[C>T]C	0.031915254	0.015800024	0.013724381	0.028481452	0.052723778	0.042024257	0.006987658	0.142286712	0.030173074	0.050517884	0.004008755	0.003496672	0.005412726	0.001670078	0.003957456	0.035623296	0.014962398	0.011748229	0.066267084	0.061134476	0.019011552	0.002662847	0.010963811	0.005839784	0.000803809	0.00512979	0.009428535	0.006672431	0.029247524	0.000905923	0.025576893	0.032734122	0.032072798	0.006773726	0.018618418	0.008883659	0.008305423	0.079463237	0.040956564	0.004250877	0.000324084	0.006601855	0.003434416
C>T	TCG	T[C>T]G	0.027202248	0.014682305	0.012720065	0.044349331	0.073386832	0.052322406	0.006997662	0.052312376	0.013233862	0.043738459	0.00429426	0.002019219	0.004037662	0.000389038	0.000607162	0.031214319	0.012347146	0.009156065	0.060300609	0.057945217	0.017114341	0.005536905	0.006671475	0.005288246	0.000456077	0.006697308	0.005367953	0.000756888	0.04423067	0.002202157	0.000861457	0.005022129	0.025007827	0.007083798	0.047800599	0.00464589	0.010052457	0.039062804	0.058431098	0.003399912	0.001144333	0.003466985	0.00190753
C>T	TCT	T[C>T]T	0.040683616	0.026918787	0.019480075	0.042353255	0.078890175	0.134870582	0.012366666	0.342378601	0.088099295	0.067026085	0.003778937	0.007271549	0.004603946	0.001654461	0.02467677	0.050552991	0.02391754	0.019084565	0.055561643	0.110246582	0.021886778	0.00066869	0.011371721	0.017261377	0.001168091	0.014851264	0.009455794	0.010143818	0.032050212	0.004588223	0.145036464	0.031869685	0.039305944	0.046720585	0.040885944	0.105260648	0.029792703	0.096459113	0.000297962	0.000119638	0.001029295	0.009528814	0.013669894
T>A	ATA	A[T>A]A	0.011724884	0.013290357	0.014109869	0.000200406	0.001389573	0.004355326	0.000234695	0.001279826	0.023510637	0.006129342	0.010304404	0.003557602	0.020032677	0.000210709	0.044175608	0.008326279	0.014024583	0.012285752	0.004160335	0.000825584	0.02944632	0.002463223	0.03733338	0.018120112	0.042762447	0.000895186	0.008436596	0.005026614	0.005351851	0.003098936	0.014384113	0.03400591	0.005032221	0.019504934	0.037202418	0.190304042	0.012724241	0.002912437	0.002349211	0.005285709	0.016701694	0.005539605	0.014079935
T>A	ATC	A[T>A]C	0.005671634	0.012065827	0.00826051	0.000125804	0.00116482	0.002408155	0.000142596	0.001300475	0.030976329	0.000793881	0.004640134	0.003184037	0.01295371	9.54E-05	0.018500345	0.006308532	0.007821464	0.007408293	0.003014995	0.00021957	0.019319438	0.003975636	0.02387496	0.00543628	0.021887022	0.002721627	0.003235738	0.00421485	0.002451499	0.000354397	0.000159934	0.013024486	0.003217718	0.001212574	0.010145034	0.024003928	0.003875979	0.000617107	0.001248113	0.006693656	0.01011399	0.003243084	0.003911983
T>A	ATG	A[T>A]G	0.004712176	0.009292062	0.00719249	0.000138123	0.000771474	0.001011075	0.000945881	0.000497766	0.007851602	0.000866198	0.009179371	0.00238637	0.005566255	0.000110931	0.01817259	0.004354225	0.007636661	0.005196029	0.000560608	0.000274567	0.018291664	0.002809338	0.017381528	0.006207665	0.038040542	0.009434453	0.002084327	0.000725831	0.002375673	0.00053089	0.000735173	0.006046511	0.001856315	0.005047423	0.003187304	0.016862903	0.006397248	3.11E-05	5.60E-05	0.003511464	0.000268978	0.003020088	0.003718733
T>A	ATT	A[T>A]T	0.016930487	0.017721931	0.019854012	0.000400451	0.000974627	0.001053777	0.000481643	0.002137182	0.066772876	0.008027344	0.011199417	0.003363238	0.028087105	0.000256392	0.082153354	0.007499636	0.014725521	0.013372311	0.005300507	0.002854021	0.039863521	0.00039754	0.054475231	0.022124431	0.061984541	0.000365509	0.000717761	0.013676829	0.012592429	0.00499366	0.01522565	0.072347265	0.005504376	0.000998366	0.003239688	0.050980547	0.000964642	0.001590338	0.004707373	0.000107316	0.016497071	0.007962607	0.004035889
T>A	CTA	C[T>A]A	0.004434837	0.006897444	0.007723907	0.000213266	0.000275148	0.001179484	0.0009805	0.000704946	0.011906957	0.001026647	0.001801296	0.001210665	0.003140897	0.000443768	0.013311249	0.004636284	0.008965346	0.006652929	0.000119221	0.001468138	0.012942763	0.004936762	0.017663158	0.007179816	0.051744457	0.001692134	0.003778215	0.000196186	0.000432799	0.000281748	0.000168347	0.00307696	0.001150457	0.001945133	0.015724056	0.019282565	0.013460281	0.00010061	0.00047631	0.00337699	0.000878246	0.001325883	0.002175813
T>A	CTC	C[T>A]C	0.003041425	0.007123409	0.005538811	0.000137202	0.000454657	0.000461255	0.000803053	0.001120332	0.030098581	0.000135915	0.000892199	0.00110284	0.002362977	0.000125359	0.006553012	0.003211575	0.006438199	0.005349857	0.000166539	0.000233452	0.011276331	0.004682844	0.014296018	0.002705642	0.034979692	0.007464672	0.001201332	0.000623875	0.000628444	0.000605121	0.00372344	0.001163956	0.000719788	0.001638376	0.015582292	0.001884127	0.002056792	8.35E-05	0.000354313	0.00385474	0.000189446	0.001651499	0.000103817
T>A	CTG	C[T>A]G	0.002447202	0.005071463	0.004819654	0.00023277	0.000160121	0.000265742	0.001000057	0.000235315	0.006478339	9.48E-05	0.001273416	0.001885192	0.001031502	0.000381783	0.005479854	0.001965829	0.006091312	0.003724227	0.00010596	0.00024516	0.009237148	0.004747106	0.008522539	0.002932121	0.056646748	0.004351563	0.002048019	0.00018284	0.000121832	0.000232234	0.000243832	0.000278791	0.00190534	0.000645136	0.003229816	0.001849926	0.004566889	5.18E-05	8.51E-05	0.00323177	0.000163399	0.003369983	4.64E-05
T>A	CTT	C[T>A]T	0.005435325	0.00965354	0.009003184	0.000309776	0.000392324	0.000604803	0.002027698	0.001171525	0.035939638	0.00118954	0.001611903	0.000404897	0.00530381	0.000152092	0.024246081	0.005465592	0.009881523	0.008417573	0.000121147	0.000974904	0.018826962	0.005356798	0.02261109	0.008835795	0.086460276	0.003254418	0.002016842	0.000319702	0.00062483	0.0005703	0.000644179	0.000744725	0.000908205	0.00129481	0.001368943	0.002769279	0.003168689	0.000236627	0.000226429	0.001552059	0.000228354	0.000728143	9.80E-05
T>A	GTA	G[T>A]A	0.004492732	0.006669135	0.008334562	0.000307572	0.000727083	0.001737105	0.000564252	0.000923291	0.010509813	0.000966815	0.003497826	0.00375725	0.006650125	0.000379755	0.016489167	0.006928746	0.008373612	0.007216859	0.000943789	0.000886965	0.013326124	0.003546816	0.01884306	0.006439874	0.040130943	0.000784538	0.003525124	0.002766517	0.000182678	0.000386893	0.000198643	0.000710583	0.001226639	0.001928063	0.005856	0.022796845	0.011974427	3.29E-05	0.00039607	0.00020628	0.003289413	0.001148359	0.002071635
T>A	GTC	G[T>A]C	0.002611549	0.005412298	0.004742958	0.000169898	0.000418179	0.000625666	0.000216338	0.000699111	0.017334146	0.000283056	0.001255489	0.001810999	0.004754334	7.96E-05	0.005289307	0.003216846	0.005125459	0.004856016	0.001704169	0.00042103	0.008834064	0.003167986	0.012132852	0.002289509	0.020634875	0.003894724	0.000572772	0.002015587	0.000434565	0.000286676	0.000113943	0.000961744	0.003072038	0.000718305	0.002223275	0.00345699	0.006520416	9.79E-05	0.000572839	0.003145034	0.002240512	0.000873664	4.27E-05
T>A	GTG	G[T>A]G	0.002437745	0.004559972	0.004721769	0.000101683	0.000419393	0.000286713	0.000878827	0.000359785	0.005335136	0.00017403	0.002818538	0.002798649	0.001691312	9.68E-05	0.006577261	0.002924617	0.005587821	0.003357362	0.000190113	0.000146422	0.010376112	0.003690511	0.008302949	0.001912804	0.038980205	0.005008664	0.000694253	0.000786365	0.000284438	0.000213295	0.003677333	0.000485769	0.002111936	0.000780761	0.001426029	0.003523696	0.009685189	4.71E-05	3.60E-05	0.001857453	0.000214781	0.003200996	0.000175185
T>A	GTT	G[T>A]T	0.005301758	0.007229435	0.009098519	0.000185335	0.000793996	0.001017363	0.000395238	0.001227022	0.032159018	0.00100864	0.002975442	0.002242954	0.00748383	0.000112414	0.024426284	0.007644702	0.008442749	0.007785388	0.000769595	0.001559428	0.01654219	0.003275126	0.025170804	0.007705356	0.053752315	0.001448672	0.002511723	0.000885488	0.000197783	0.000486112	0.000217907	0.001895589	0.004347084	0.001807536	0.003539028	0.001587335	0.006568672	0.00022794	4.05E-05	0.000152675	0.001925898	0.002504613	4.65E-05
T>A	TTA	T[T>A]A	0.017157936	0.010829643	0.011735514	0.000578382	0.003560042	0.001546473	0.001385881	7.78E-07	0.031076551	0.003816118	0.015760087	0.007422036	0.020335143	0.003250685	0.021548976	0.001729478	0.013594739	0.010565348	0.007704788	0.001871938	0.018584703	0.004905336	0.016159926	0.022331294	0.070155477	0.000536954	0.000797748	0.007078673	0.008358393	0.000611693	0.021994263	0.184412465	0.006180253	0.006219547	0.0121738	0.061673924	0.019072935	0.000515908	0.000538956	0.000143624	0.031586133	0.001548382	0.00468369
T>A	TTC	T[T>A]C	0.00441393	0.010633577	0.0060008	0.000213226	0.000741059	0.001787718	0.000175407	0.001677285	0.061108591	0.000261129	0.005084232	0.00495013	0.010220166	0.000160188	0.009790642	0.004838572	0.007843531	0.006283308	0.001420626	7.54E-05	0.012775244	0.005336359	0.016604975	0.007575212	0.036461466	0.000837823	0.003671969	0.001591483	0.000620083	0.000700066	0.00031943	0.004930433	0.002157064	0.000519689	0.009214958	0.005144147	0.005658	0.000421201	0.002613239	0.003964764	0.004543975	0.002750555	8.15E-05
T>A	TTG	T[T>A]G	0.003398592	0.007247439	0.005012032	0.000194238	0.000499428	0.000547447	0.000408243	0.000322274	0.01357242	0.000108481	0.00986601	0.005664558	0.003887795	0.000153536	0.009655174	0.001725843	0.006880038	0.00458457	0.00041018	0.000890802	0.011683448	0.00501966	0.009962598	0.005400689	0.064426758	0.003353321	0.001798839	0.000792534	0.00168037	0.000214917	0.000213083	0.001261595	0.000492723	0.000469961	0.004761826	0.005144531	0.010022655	2.49E-05	0.000237733	0.002612161	0.001753228	0.000613699	5.31E-05
T>A	TTT	T[T>A]T	0.01257023	0.018371284	0.014275788	0.000610082	0.002055301	0.002045731	0.000875394	0.002611768	0.113745888	0.005594371	0.011051826	0.009339468	0.029286768	0.000323631	0.047145409	0.006369036	0.016567026	0.013689343	0.002269227	0.001033531	0.02902326	0.007154622	0.038612139	0.025020654	0.118347814	0.000488486	0.002873739	0.002458733	0.001619203	0.002471381	0.025452461	0.03183423	0.001278924	0.001236652	0.022293908	0.015534082	0.005005272	8.82E-05	0.000204834	2.96E-05	0.008287414	0.003757646	0.00064222
T>C	ATA	A[T>C]A	0.010905467	0.012333907	0.011145122	0.000824959	0.001755324	0.002973828	0.001841431	0.000114595	0.005520665	0.007407971	0.033594787	0.022517827	0.025263391	0.002039607	0.00405654	0.010868842	0.02132885	0.040857985	0.002423029	0.001628028	0.001378255	0.000255437	0.023524383	0.012886676	0.000237403	0.017537508	0.044626545	0.072312313	0.047364999	0.002723505	0.002578066	0.026387682	0.003327037	0.001540357	0.040808364	0.019311425	0.017046496	0.020229951	0.004341726	0.009751365	0.012668317	0.019234758	0.000127145
T>C	ATC	A[T>C]C	0.007244905	0.011491485	0.00795653	0.000294773	0.001429471	0.001151779	0.000979371	3.42E-07	0.005780809	0.004396033	0.014872127	0.010081246	0.01948572	0.000822719	0.003198633	0.009268502	0.014623257	0.035496981	0.000475009	0.000796223	0.001927148	0.000323356	0.020165473	0.003630801	0.001017707	0.033668388	0.025074256	0.051834413	0.026452329	0.002521924	0.003491712	0.009254594	0.030210219	0.013696435	0.028052242	0.008214932	0.002714538	0.011218789	0.007969908	0.005055726	0.026596646	0.07288459	0.043969798
T>C	ATG	A[T>C]G	0.008372477	0.01168105	0.00938595	0.000689638	0.002725374	0.001256232	0.000589875	5.26E-07	1.24E-05	0.006187841	0.023899298	0.015785256	0.013175434	7.43E-05	0.000812068	0.028322999	0.018929456	0.025395736	0.001711213	0.00083251	0.002267712	0.000849238	0.017244828	0.00325865	0.003301518	0.014893669	0.068496354	0.033560154	0.025845948	0.002868493	0.002066499	0.011957455	0.001796032	0.001214702	0.00097535	0.000855369	0.005835227	0.004217419	0.001901568	0.000677703	0.000872446	0.015441523	0.000165734
T>C	ATT	A[T>C]T	0.013341099	0.015812875	0.014768525	0.000642803	0.002370767	0.003151961	0.004790271	8.55E-07	1.46E-05	0.011377604	0.024556557	0.020697499	0.032303083	0.002255528	0.013449427	0.012535286	0.025574109	0.054879302	0.000630115	0.001092265	0.000247188	0.000138865	0.034758155	0.020151682	0.003692513	0.019742967	0.059713956	0.075969482	0.026328592	0.002766691	0.003658785	0.018216005	0.00345559	0.000953743	0.003152644	0.003865602	0.006810134	0.014877369	0.003477163	0.01094819	0.015963125	0.033646698	0.000352476
T>C	CTA	C[T>C]A	0.005995585	0.006117026	0.006648984	0.000135138	0.001166392	0.000669213	0.002591535	0.000230501	0.002226829	0.003960508	0.004815344	0.009167687	0.01619818	0.001750854	0.000891824	0.004833641	0.01012494	0.013200844	0.000618911	0.000486142	0.000852995	0.000921016	0.016762558	0.005195947	0.000324261	0.033833323	0.020895742	0.044937495	0.047569115	0.001875702	0.004531586	0.015100138	0.001225057	0.003243809	0.042214456	0.002672604	0.004023082	0.005535841	0.003054934	8.28E-05	0.011762168	0.007338086	0.005206619
T>C	CTC	C[T>C]C	0.00508627	0.008106796	0.006050258	6.19E-05	0.000948379	0.000625055	0.002992025	0.000239767	0.003543867	0.003357516	0.001283071	0.004676605	0.014933789	0.000545228	0.000838805	0.005275177	0.00874854	0.01530045	0.000282537	0.00056373	0.001332263	0.0018459	0.019130776	0.001729512	0.000501564	0.065292596	0.014946261	0.034678312	0.027432197	0.002286793	0.068126683	0.001070847	0.009157162	0.048833823	0.014373213	0.02307017	0.000299898	0.003393872	0.004093095	0.002446591	0.013682523	0.024845839	0.122298321
T>C	CTG	C[T>C]G	0.005784618	0.007810067	0.007086607	0.000236412	0.002168648	0.000950275	0.000949379	9.81E-05	0.000391465	0.00419335	0.00191951	0.009119279	0.009557376	0.000714025	0.000145529	0.017285215	0.011382989	0.01111878	0.000527262	0.000299772	0.001357514	0.002630898	0.014971535	0.001094599	0.002063276	0.041173353	0.039679539	0.024500055	0.028413325	0.000310831	0.008453796	0.009067008	0.002333209	0.007406437	0.009784416	0.001050282	0.001555818	0.001588605	0.000849257	7.83E-05	0.006175774	0.006858399	0.010365182
T>C	CTT	C[T>C]T	0.009165669	0.010198817	0.009967421	0.000324807	0.001892299	0.001743558	0.005174971	0.000302525	0.005535247	0.006320709	0.002809549	0.008760372	0.023053251	0.001699203	0.006182058	0.00728135	0.014922825	0.022011225	0.000869812	0.000624103	0.001775613	0.000784009	0.025928003	0.01033261	0.003368305	0.047070439	0.032841775	0.051824417	0.043471025	0.002008303	0.041714744	0.022163455	0.000469825	0.009196305	0.008142078	0.003357941	0.000661469	0.005108222	0.000103211	4.86E-05	0.015758414	0.011708882	0.007281203
T>C	GTA	G[T>C]A	0.006249804	0.006075656	0.006815368	0.000213669	0.001169658	0.000778062	0.002674155	0.000272932	1.78E-05	0.004741152	0.010063593	0.01727582	0.011601856	0.000912207	0.001597807	0.00483254	0.010472686	0.014953771	0.00232824	0.000156682	0.000764252	0.000277157	0.014974523	0.004656557	0.000129098	0.023036342	0.016906386	0.052666456	0.02390873	0.000557127	0.002997928	0.013931062	0.024974508	0.000860572	0.012068328	0.000864074	0.024255052	0.01236556	0.008549763	0.001317141	0.029482201	0.016344889	0.000123319
T>C	GTC	G[T>C]C	0.00454858	0.005930484	0.005036518	0.000172132	0.000634924	0.00130487	0.001423567	9.71E-07	0.001582152	0.003307816	0.004146555	0.006701582	0.009869866	0.001109685	0.001248804	0.005074176	0.007891832	0.013320225	0.001686983	0.000278413	0.000910228	0.000542776	0.014488792	0.001398965	0.000340418	0.032563771	0.009568615	0.041495724	0.014190041	0.000786327	0.007533347	0.001586482	0.037321236	0.008564209	0.018870997	0.000657944	0.018591069	0.007113669	0.00872217	0.001940262	0.023844582	0.053110576	0.040237918
T>C	GTG	G[T>C]G	0.00548122	0.007146646	0.006715066	0.000330106	0.001398613	0.001243125	0.001493852	0.000484141	1.60E-05	0.004035453	0.006398106	0.012606272	0.006257866	0.000168357	0.000335617	0.015376881	0.010535079	0.011082697	0.001739198	0.000316078	0.000722938	0.000944426	0.013150495	0.000261116	0.000401687	0.032192113	0.027575444	0.035870737	0.014439665	0.000867274	0.02080455	0.005349471	0.014855616	0.004953038	0.016203176	0.001569519	0.012243657	0.000482358	0.008328852	7.78E-05	0.01003495	0.021954116	0.00048283
T>C	GTT	G[T>C]T	0.007727682	0.008021989	0.008724552	0.000428585	0.001328875	0.00172041	0.003900193	2.94E-07	1.27E-05	0.007158817	0.007590916	0.013710754	0.015065324	0.002179784	0.005543518	0.007926656	0.012799535	0.019564922	0.002174057	0.000845727	0.000409695	0.000118152	0.022878398	0.007038928	0.000703147	0.020932135	0.022606963	0.057325114	0.017980134	0.000449776	0.008277272	0.010098556	0.017328521	0.001383497	0.004836205	0.001049236	0.01641252	0.009757378	0.009420148	0.005383657	0.019481904	0.017546759	0.000169331
T>C	TTA	T[T>C]A	0.013748103	0.013349476	0.015588313	0.000984731	0.001598549	0.002608161	0.005275482	8.12E-07	0.016733799	0.013160838	0.040977171	0.035083987	0.015038945	0.002506884	0.008466309	0.01269173	0.029117986	0.043959923	0.00028778	0.000330738	0.000344877	0.000615551	0.050476501	0.021284756	0.001525355	0.013424345	0.067381012	0.064058037	0.028587051	0.003313391	0.001542497	0.017829327	0.034606165	0.000718487	0.074994293	0.005705429	0.019817837	0.041674438	0.010619166	0.003662371	0.00283008	0.036030299	0.000135481
T>C	TTC	T[T>C]C	0.011756782	0.012359812	0.011896661	0.000677482	0.002215716	0.000553019	0.002278264	2.81E-07	0.012922719	0.009286839	0.015849579	0.016407895	0.0211769	0.001427906	0.005529489	0.007836568	0.021369692	0.038902188	0.000668749	0.002567316	0.002510789	0.001403356	0.042472734	0.01199151	0.001431466	0.037119328	0.042058865	0.056813874	0.024101355	0.003677832	0.045987796	0.034185275	0.114363145	0.007399281	0.011973471	0.003694803	0.003758699	0.026706594	0.013878022	0.005542668	0.091143135	0.120888818	0.071168864
T>C	TTG	T[T>C]G	0.010588597	0.012941999	0.012891148	0.000812244	0.002835707	0.002034647	0.002981896	5.59E-07	0.005879432	0.009438727	0.024709489	0.023490824	0.010035587	0.001077265	0.005302475	0.024401206	0.025920083	0.029116291	0.000631225	0.000212388	0.001178963	0.002188462	0.035529779	0.009258377	0.009548632	0.014412694	0.082615547	0.032819329	0.016492676	0.002533985	0.004202297	0.00404438	0.020915684	0.001778762	0.018576256	0.00094474	0.012328601	0.009447748	0.001176643	9.66E-05	0.000349105	0.035975225	0.000141008
T>C	TTT	T[T>C]T	0.02418376	0.023866613	0.025308393	0.001091339	0.003728096	0.00536951	0.007142523	1.76E-07	0.024354708	0.023294777	0.033079422	0.041327057	0.034899422	0.002112793	0.023748404	0.013835525	0.045390366	0.081840119	0.004008903	0.000120502	0.003130239	0.000903221	0.078453064	0.053969958	0.013771542	0.025967255	0.103007186	0.096451238	0.031454576	0.005369713	0.156471358	0.033098785	0.038092875	0.003305438	0.001899892	0.0011554	0.002258311	0.036508565	0.002027011	0.000149743	0.014771683	0.063135001	0.000625566
T>G	ATA	A[T>G]A	0.006965978	0.017141483	0.010813915	0.000425111	0.000331072	0.002380236	0.009273092	0.000440216	0.002090515	0.000340362	0.110785467	0.071625766	0.058273419	0.002089162	0.001754154	0.000242388	0.007109299	0.005346199	0.000161635	0.001021897	0.000948217	0.000433499	0.001328572	0.026008219	0.002919266	0.002472521	0.007156769	0.00228915	0.002029357	0.000984413	0.004142306	0.007818404	0.005538435	0.007547475	0.0079411	0.006689669	0.004025728	0.002837269	0.000184088	0.000463216	0.010545305	0.004006543	0.000249949
T>G	ATC	A[T>G]C	0.003116684	0.008488422	0.005727547	0.000134656	0.000321373	0.000654842	0.00313563	0.000330065	0.005261435	0.000137503	0.060322951	0.027593948	0.025120421	0.001210578	0.000424596	0.000553696	0.003487913	0.002543087	8.22E-05	0.000582742	0.000779503	0.000132336	0.001053114	0.010021152	0.001571814	0.007694869	0.002615545	0.001020578	0.002388586	0.0002865	0.000399582	0.001054452	0.005379075	0.002469499	0.00365924	0.001441436	0.00123236	0.013238455	0.000315488	0.000153235	0.005874173	0.001389381	0.000224757
T>G	ATG	A[T>G]G	0.002707415	0.00583735	0.005438269	0.000196208	0.000291198	0.000181957	0.003836398	2.58E-05	1.18E-05	0.000288164	0.052377771	0.03463446	0.015515397	0.000724731	0.003115848	0.001071119	0.003233211	0.002172584	0.000479571	0.00114002	0.000481017	0.00013902	0.001108029	0.006300924	0.001098424	0.011360909	0.003307222	0.000557965	0.001739222	0.00018904	0.002366622	0.001231365	0.003163059	0.020865766	0.00192706	0.003487921	0.001428676	0.006690913	0.001557929	8.29E-05	0.000133367	0.001624718	0.003712458
T>G	ATT	A[T>G]T	0.006468001	0.015246211	0.009919877	0.000260267	0.000334109	0.000620533	0.007629407	0.000192562	0.007701241	0.00064515	0.073771944	0.066812422	0.05836625	0.002358531	0.007259117	7.82E-05	0.00609756	0.004644356	6.01E-05	0.001877297	0.001296941	0.000215963	0.001531089	0.020235189	0.003912587	0.001962327	0.003516773	0.001681987	0.002838377	0.000557504	0.001745643	0.00852384	0.008907722	0.000820692	0.002626934	0.000763678	0.000831908	0.039294888	0.000195808	0.000114403	0.043452628	0.003892492	0.000461721
T>G	CTA	C[T>G]A	0.003346692	0.007791297	0.00641707	0.000321419	0.000199772	0.000190416	0.005188923	4.36E-07	5.42E-05	0.000350508	0.011136628	0.032810758	0.016491566	0.001301413	0.000880989	0.002501141	0.004338334	0.003149327	0.000120592	0.000103804	0.000640329	0.000718176	0.000873224	0.010686197	0.00224319	0.001497313	0.004817122	0.003733921	0.003034214	0.000226767	0.000142295	0.005301534	0.001802885	0.001700113	0.006591138	0.001098058	0.002795542	0.000265763	0.00043012	0.00017194	0.01281038	0.001963628	5.69E-05
T>G	CTC	C[T>G]C	0.001856684	0.00559621	0.004099685	0.000169097	0.000148791	0.000317344	0.003202668	0.000149418	0.005474214	0.000351204	0.005946597	0.017023626	0.008814665	0.000768658	0.000204316	0.002319575	0.002920913	0.0019371	0.000364927	0.000203474	0.000678122	0.001290723	0.00193626	0.005452772	0.001131836	0.010377166	0.001718574	0.002550231	0.00302471	0.000104304	0.006093391	0.000635146	0.00103256	0.001524895	0.004159808	0.00101283	0.00070927	0.00163563	2.83E-05	9.15E-05	0.008625277	0.0005499	4.68E-05
T>G	CTG	C[T>G]G	0.001685284	0.004259294	0.003837591	8.55E-05	0.000263173	0.000153722	0.002421838	2.59E-05	4.81E-05	0.000214448	0.007033076	0.017112788	0.005994305	0.000784837	0.000617696	0.001785097	0.002542439	0.00166753	0.000120676	0.000216858	0.000788794	0.001371262	0.000476498	0.003911585	0.002402124	0.008543767	0.001965237	0.001152957	0.001412314	0.000100606	0.000806972	0.000360313	0.000930845	0.007160241	0.002704505	0.000932603	0.003253132	0.00063976	0.000322628	0.000119494	0.00361314	0.000643732	0.005344371
T>G	CTT	C[T>G]T	0.003315412	0.008615514	0.006066899	0.00030744	0.000215112	0.000481285	0.005679337	0.000146488	0.00733721	0.00058538	0.005979675	0.025743225	0.01677685	0.001450741	0.002112746	0.001960341	0.004281928	0.003079786	9.56E-05	0.000269404	0.000562149	0.001226926	0.002650499	0.010782332	0.004393885	0.006581808	0.003411796	0.003275646	0.003471373	0.000128751	0.001697924	0.00118124	0.003010748	0.001115731	0.001482166	0.000621767	0.002455521	0.005433417	6.09E-05	9.44E-05	0.024759344	0.001049118	3.68E-05
T>G	GTA	G[T>G]A	0.002806516	0.005435758	0.005307253	0.000363988	0.000149268	0.000380192	0.00333252	0.000210172	0.000255544	0.000349518	0.020997943	0.034023971	0.020691226	0.000241582	0.00045014	0.001377192	0.003396978	0.002639633	7.74E-05	0.000111171	0.000862493	0.00033583	0.001295709	0.007732357	0.000567236	0.002855492	0.001951586	0.002877588	0.001812439	0.000348146	0.001116991	0.001199122	0.011140251	0.061127241	0.003044067	0.001565857	0.006473895	0.000109312	8.30E-05	3.29E-05	0.044062455	0.00306227	0.098287176
T>G	GTC	G[T>G]C	0.001635697	0.003579029	0.003127464	0.000211604	0.000115945	0.000285136	0.001853723	0.000139092	0.003344429	0.000161581	0.01184179	0.015857504	0.009379996	0.000187203	0.000270999	0.001114261	0.002059309	0.001323391	6.01E-05	0.000107227	0.000424708	0.000390445	0.001646963	0.002664549	0.000606888	0.008007727	0.00152899	0.001427607	0.000672996	0.000255382	0.000985379	0.000339725	0.008304886	0.051703096	0.003492169	0.000697086	0.003327444	0.003043751	0.000174964	0.000136299	0.020185943	0.001007191	0.087556043
T>G	GTG	G[T>G]G	0.001583556	0.002845391	0.003310888	7.54E-05	0.000109495	0.000285842	0.002899476	3.67E-07	1.64E-05	0.000762903	0.010331989	0.017034495	0.00636592	8.21E-05	0.002192339	0.001694644	0.002108309	0.001300287	0.000118474	0.000255907	0.002406077	7.68E-05	0.001840233	0.001003362	0.000540346	0.016850117	0.00206429	0.001257833	0.000953482	0.000223545	0.015096535	0.000122184	0.002111915	0.260423418	0.002811347	0.012655589	0.002393316	0.000282185	0.000290665	0.000696695	0.013809949	0.000948188	0.179460636
T>G	GTT	G[T>G]T	0.003709611	0.005389464	0.004921347	0.000240648	0.000320734	0.000602318	0.003194103	3.44E-07	0.003916551	0.000469224	0.017143034	0.030004894	0.031354792	0.001050883	0.000822399	0.000161986	0.003395217	0.002323337	0.000320817	0.000412633	0.000392671	0.000148114	0.002729675	0.005609042	0.002212331	0.006318948	0.001319592	0.002492974	0.00252787	0.000135718	0.006106359	0.010777671	0.043877947	0.065975836	0.010971916	0.001160777	0.001721583	0.012216417	0.000427744	6.87E-05	0.160923684	0.001346741	0.130940283
T>G	TTA	T[T>G]A	0.006292502	0.01224671	0.009066167	0.000536494	0.000507109	0.00146593	0.006026695	0.000297011	0.005069446	0.001167824	0.06775717	0.069183258	0.04552712	0.002182704	0.002064836	0.000872188	0.007140018	0.005075875	0.000125787	0.00076999	0.001047152	0.00039581	0.001234611	0.024530404	0.004321023	0.001918677	0.005833873	0.000923292	0.001912895	0.000193294	0.000128303	0.004561295	0.007020203	0.001369272	0.026263119	0.005353222	0.006427186	0.010072598	0.001752422	7.55E-05	0.001154256	0.007414437	0.00624187
T>G	TTC	T[T>G]C	0.003405566	0.007104055	0.004996277	0.000164847	0.000440825	0.000260651	0.003574736	0.000339601	0.008439733	0.000620797	0.032911118	0.029608862	0.022019137	0.000932295	0.000760955	0.001984674	0.0038321	0.002887064	0.00027934	0.001465427	0.001281143	0.000329658	0.001631745	0.012194816	0.001667696	0.003753171	0.004730532	0.001475996	0.001911483	0.00016137	0.000564944	0.000553611	0.007353058	0.00168792	0.007017892	0.003560008	0.001907113	0.014669351	0.000994213	0.001708664	0.00603667	0.004523113	0.006137943
T>G	TTG	T[T>G]G	0.003406822	0.004205202	0.004364219	5.54E-05	0.000495711	0.00033428	0.002868969	6.26E-07	6.40E-06	0.000290269	0.030325232	0.030452284	0.016788089	0.001196497	0.001119211	0.001595202	0.003040578	0.002132179	0.000313062	0.00078696	0.001174526	0.000214676	0.00017795	0.007688687	0.003387959	0.006931589	0.00204866	0.001006559	0.002592324	0.00014664	0.010403707	0.018503092	0.004527355	0.016145909	0.008297479	0.015751778	0.002973551	0.009753466	0.001227739	3.98E-05	0.001602263	0.001682187	0.015936587
T>G	TTT	T[T>G]T	0.008674438	0.013965441	0.010401298	0.000443366	0.001260009	0.000498068	0.008341793	0.000183398	0.016662612	0.002835823	0.04435472	0.075691687	0.057141839	0.003260704	0.00493568	0.001561875	0.007786265	0.006324761	0.000904173	0.000396339	0.00179622	0.000291495	0.001495732	0.029173041	0.006837096	0.001282016	0.007000865	0.001986732	0.007124269	0.00021652	0.05255629	0.021520716	0.008412602	0.000667706	0.016762012	0.00254516	0.000802198	0.045243205	0.000397751	0.000132225	0.052591274	0.003897344	0.007538439
